0000001000000000 
0000001000000000 
0000001000000000 
0000001000000000 
0000001000000000 
0000001000000000 
0000001000000000 
0000001000000000 
0000001000000000 
0000000000000010 0000000000000101 0000000000000010 0000000000000001 0000000000000001 0000000000001001 0000000000000010 0000000000000010 0000000000000001 0000000000000111 0000000000000001 0000000000000100 0000000000000001 0000000000000010 0000000000000011 0000000000000101 0000000000000010 0000000000000001 0000000000000010 0000000000000001 0000000000000001 0000000000001010 0000000000000010 0000000000000001 0000000000000001 0000000000000001 0000000000000001 0000000000000011 0000000000000001 0000000000000110 0000000000000100 0000000000000001 0000000000000010 0000000000000010 0000000000000001 0000000010000101 0000000100100000 0000000000000010 0000000000000101 0000000000000010 0000000000000001 0000000000000001 0000000000001001 0000000000000010 0000000000000010 0000000000000001 0000000000000111 0000000000000001 0000000000000100 0000000000000001 0000000000000010 0000000000000011 0000000000000101 0000000000000010 0000000000000001 0000000000000010 0000000000000001 0000000000000001 0000000000001010 0000000000000010 0000000000000001 0000000000000001 0000000000000001 0000000000000001 0000000000000011 0000000000000001 0000000000000110 0000000000000100 0000000000000001 0000000000000010 0000000000000010 0000000000000001 0000000010000101 
0000000000000011 0000000000000001 0000000000000111 0000000000000110 0000000000000001 0000000000000001 0000000000000001 0000000000000101 0000000000000001 0000000000001000 0000000000000001 0000000000000001 0000000000000001 0000000000000001 0000000000000001 0000000000000010 0000000000000010 0000000000000111 0000000000000001 0000000000000001 0000000000000001 0000000000000001 0000000000000001 0000000000000010 0000000000000010 0000000000000111 0000000000000001 0000000000000001 0000000000000001 0000000000000001 0000000000000001 0000000000000010 0000000000000010 0000000000000111 0000000000000001 0000000000000001 0000000000000001 0000000000000001 0000000000000001 0000000000000010 0000000000000010 0000000000000111 0000000000000001 0000000000000001 0000000000000001 0000000000000001 0000000000000001 0000000000000010 0000000000000010 0000000000000111 0000000000000001 0000000000000001 0000000000000001 0000000000000001 0000000000000001 0000000000000010 0000000000000010 0000000000000111 0000000000000001 0000000000000001 0000000000000001 0000000000000001 0000000000000001 0000000000000010 0000000000000010 0000000000000111 0000000000000001 0000000000000001 0000000000000001 0000000000000001 0000000000000001 0000000000000010 0000000000000010 0000000000000110 0000000000000001 0000000000000001 0000000000000001 0000000000000001 0000000000000011 0000000000000010 0000000000000001 0000000000001000 0000000000000001 0000000000000001 0000000000000011 0000000000000001 0000000000000010 0000000000001000 0000000000000001 0000000000000001 0000000000000011 0000000000000001 0000000000000010 0000000000001000 0000000000000001 0000000000000001 0000000000000011 0000000000000001 0000000000000010 0000000000001000 0000000000000001 0000000000000001 0000000000000011 0000000000000001 0000000000000010 0000000000000101 0000000000000001 0000000000001000 0000000000000001 0000000010000110 0000000010000000 0000000000000011 0000000000000001 0000000000000111 0000000000000110 0000000000000001 0000000000000001 0000000000000001 0000000000000101 0000000000000001 0000000000001000 0000000000000001 0000000000000001 0000000000000001 0000000000000001 0000000000000001 0000000000000010 0000000000000010 0000000000000111 0000000000000001 0000000000000001 0000000000000001 0000000000000001 0000000000000001 0000000000000010 0000000000000010 0000000000000111 0000000000000001 0000000000000001 0000000000000001 0000000000000001 0000000000000001 0000000000000010 0000000000000010 0000000000000111 0000000000000001 0000000000000001 0000000000000001 0000000000000001 0000000000000001 0000000000000010 0000000000000010 0000000000000111 0000000000000001 0000000000000001 0000000000000001 0000000000000001 0000000000000001 0000000000000010 0000000000000010 0000000000000111 0000000000000001 0000000000000001 0000000000000001 0000000000000001 0000000000000001 0000000000000010 0000000000000010 0000000000000111 0000000000000001 0000000000000001 0000000000000001 0000000000000001 0000000000000001 0000000000000010 0000000000000010 0000000000000111 0000000000000001 0000000000000001 0000000000000001 0000000000000001 0000000000000001 0000000000000010 0000000000000010 0000000000000110 0000000000000001 0000000000000001 0000000000000001 0000000000000001 0000000000000011 0000000000000010 0000000000000001 0000000000001000 0000000000000001 0000000000000001 0000000000000011 0000000000000001 0000000000000010 0000000000001000 0000000000000001 0000000000000001 0000000000000011 0000000000000001 0000000000000010 0000000000001000 0000000000000001 0000000000000001 0000000000000011 0000000000000001 0000000000000010 0000000000001000 0000000000000001 0000000000000001 0000000000000011 0000000000000001 0000000000000010 0000000000000101 0000000000000001 0000000000001000 0000000000000001 0000000010000110 
0000000000000001 0000000000000010 0000000000000011 0000000000000001 0000000000000001 0000000000000001 0000000000000001 0000000000001000 0000000000000001 0000000000000001 0000000000000011 0000000000000001 0000000000000010 0000000000001000 0000000000000001 0000000000000001 0000000000000011 0000000000000001 0000000000000010 0000000000000111 0000000000000001 0000000000000001 0000000000000001 0000000000000011 0000000000000010 0000000000000110 0000000000000010 0000000000000001 0000000000000001 0000000000000010 0000000000000001 0000000000000010 0000000000000010 0000000000001000 0000000000000001 0000000000000001 0000000000000011 0000000000000001 0000000000000010 0000000000001000 0000000000000001 0000000000000001 0000000000000011 0000000000000001 0000000000000010 0000000000001000 0000000000000001 0000000000000001 0000000000000011 0000000000000001 0000000000000010 0000000000000101 0000000000000011 0000000000000001 0000000000000011 0000000000000010 0000000000000001 0000000000001001 0000000000000001 0000000000000001 0000000000000011 0000000000000001 0000000000000010 0000000000000101 0000000000000001 0000000000000001 0000000000000001 0000000000000011 0000000000000010 0000000000000001 0000000000000001 0000000000001001 0000000000000101 0000000000001001 0000000000000010 0000000000000001 0000000000000011 0000000000000001 0000000000000001 0000000000000111 0000000000000011 0000000000000101 0000000000000010 0000000000000111 0000000000000010 0000000000000001 0000000000000011 0000000000000001 0000000000000001 0000000000000111 0000000000000010 0000000000000100 0000000000000001 0000000000000010 0000000000000001 0000000010000110 0000000010000001 0000000000000001 0000000000000010 0000000000000011 0000000000000001 0000000000000001 0000000000000001 0000000000000001 0000000000001000 0000000000000001 0000000000000001 0000000000000011 0000000000000001 0000000000000010 0000000000001000 0000000000000001 0000000000000001 0000000000000011 0000000000000001 0000000000000010 0000000000000111 0000000000000001 0000000000000001 0000000000000001 0000000000000011 0000000000000010 0000000000000110 0000000000000010 0000000000000001 0000000000000001 0000000000000010 0000000000000001 0000000000000010 0000000000000010 0000000000001000 0000000000000001 0000000000000001 0000000000000011 0000000000000001 0000000000000010 0000000000001000 0000000000000001 0000000000000001 0000000000000011 0000000000000001 0000000000000010 0000000000001000 0000000000000001 0000000000000001 0000000000000011 0000000000000001 0000000000000010 0000000000000101 0000000000000011 0000000000000001 0000000000000011 0000000000000010 0000000000000001 0000000000001001 0000000000000001 0000000000000001 0000000000000011 0000000000000001 0000000000000010 0000000000000101 0000000000000001 0000000000000001 0000000000000001 0000000000000011 0000000000000010 0000000000000001 0000000000000001 0000000000001001 0000000000000101 0000000000001001 0000000000000010 0000000000000001 0000000000000011 0000000000000001 0000000000000001 0000000000000111 0000000000000011 0000000000000101 0000000000000010 0000000000000111 0000000000000010 0000000000000001 0000000000000011 0000000000000001 0000000000000001 0000000000000111 0000000000000010 0000000000000100 0000000000000001 0000000000000010 0000000000000001 0000000010000110 
0000000000000100 0000000000001101 0000000000000001 0000000000000001 0000000000000011 0000000000000001 0000000000000010 0000000000000110 0000000000000010 0000000000000010 0000000000000001 0000000000000100 0000000000000001 0000000000000101 0000000000000011 0000000000000001 0000000000000010 0000000000000010 0000000000000010 0000000000000110 0000000000000001 0000000000000010 0000000000000001 0000000000000100 0000000000000001 0000000000000111 0000000000000010 0000000000000100 0000000000000001 0000000000000010 0000000000000001 0000000000000110 0000000000000010 0000000000000100 0000000000000001 0000000000000010 0000000000000001 0000000000000110 0000000000000010 0000000000000100 0000000000000001 0000000000000010 0000000000000001 0000000000000110 0000000000000001 0000000000000001 0000000000000001 0000000000000010 0000000000000001 0000000000000011 0000000000000001 0000000000001000 0000000000000011 0000000000000100 0000000000000001 0000000000000111 0000000000000001 0000000000000001 0000000000000010 0000000000000010 0000000000000001 0000000000000001 0000000000000001 0000000011010110 0000000010000010 0000000000000100 0000000000001101 0000000000000001 0000000000000001 0000000000000011 0000000000000001 0000000000000010 0000000000000110 0000000000000010 0000000000000010 0000000000000001 0000000000000100 0000000000000001 0000000000000101 0000000000000011 0000000000000001 0000000000000010 0000000000000010 0000000000000010 0000000000000110 0000000000000001 0000000000000010 0000000000000001 0000000000000100 0000000000000001 0000000000000111 0000000000000010 0000000000000100 0000000000000001 0000000000000010 0000000000000001 0000000000000110 0000000000000010 0000000000000100 0000000000000001 0000000000000010 0000000000000001 0000000000000110 0000000000000010 0000000000000100 0000000000000001 0000000000000010 0000000000000001 0000000000000110 0000000000000001 0000000000000001 0000000000000001 0000000000000010 0000000000000001 0000000000000011 0000000000000001 0000000000001000 0000000000000011 0000000000000100 0000000000000001 0000000000000111 0000000000000001 0000000000000001 0000000000000010 0000000000000010 0000000000000001 0000000000000001 0000000000000001 0000000011010110 
0000000000000001 0000000000000101 0000000000000010 0000000000000001 0000000000000001 0000000000001000 0000000000000001 0000000000001101 0000000000000001 0000000000000101 0000000000000010 0000000000000001 0000000000000010 0000000000000110 0000000000000010 0000000000000001 0000000000000010 0000000000000001 0000000000000001 0000000000000010 0000000000000001 0000000101000101 0000000010000000 0000000000000001 0000000000000101 0000000000000010 0000000000000001 0000000000000001 0000000000001000 0000000000000001 0000000000001101 0000000000000001 0000000000000101 0000000000000010 0000000000000001 0000000000000010 0000000000000110 0000000000000010 0000000000000001 0000000000000010 0000000000000001 0000000000000001 0000000000000010 0000000000000001 0000000101000101 
0000000000000010 0000000000000001 0000000000000010 0000000000000001 0000000000000001 0000000000000010 0000000000000001 0000000000010000 0000000000000001 0000000000000100 0000000000000001 0000000000000011 0000000000000010 0000000000000001 0000000000000011 0000000000000111 0000000000000100 0000000000000001 0000000000000001 0000000000000001 0000000000000010 0000000100110110 0000000010010001 0000000000000010 0000000000000001 0000000000000010 0000000000000001 0000000000000001 0000000000000010 0000000000000001 0000000000010000 0000000000000001 0000000000000100 0000000000000001 0000000000000011 0000000000000010 0000000000000001 0000000000000011 0000000000000111 0000000000000100 0000000000000001 0000000000000001 0000000000000001 0000000000000010 0000000100110110 
0000000000000001 0000000000000001 0000000000000100 0000000000000001 0000000000000001 0000000000000001 0000000000000010 0000000000000101 0000000000000001 0000000000000001 0000000000000001 0000000000000001 0000000000000011 0000000000000011 0000000000000001 0000000000001000 0000000000000001 0000000000000001 0000000000000011 0000000000000001 0000000000000010 0000000000000110 0000000000000001 0000000000000100 0000000000000100 0000000100110110 0000000010010000 0000000000000001 0000000000000001 0000000000000100 0000000000000001 0000000000000001 0000000000000001 0000000000000010 0000000000000101 0000000000000001 0000000000000001 0000000000000001 0000000000000001 0000000000000011 0000000000000011 0000000000000001 0000000000001000 0000000000000001 0000000000000001 0000000000000011 0000000000000001 0000000000000010 0000000000000110 0000000000000001 0000000000000100 0000000000000100 0000000100110110 
0000000000000111 0000000000000001 0000000000000001 0000000000001010 0000000000000001 0000000000000001 0000000000000011 0000000000000001 0000000000000010 0000000000000111 0000000000000001 0000000000000010 0000000000000001 0000000000000011 0000000000000010 0000000000000101 0000000000000001 0000000000000010 0000000000000001 0000000000000100 0000000000000001 0000000100100111 0000000010100000 0000000000000111 0000000000000001 0000000000000001 0000000000001010 0000000000000001 0000000000000001 0000000000000011 0000000000000001 0000000000000010 0000000000000111 0000000000000001 0000000000000010 0000000000000001 0000000000000011 0000000000000010 0000000000000101 0000000000000001 0000000000000010 0000000000000001 0000000000000100 0000000000000001 0000000100100111 
0000000000000001 0000000000000011 0000000000000010 0000000000001000 0000000000000001 0000000000000001 0000000000000001 0000000000000010 0000000000000001 0000000000000001 0000000000000001 0000000000000010 0000000000000001 0000000000001000 0000000000000001 0000000000000001 0000000000000011 0000000000000001 0000000000000010 0000000000000101 0000000000000101 0000000000000001 0000000000000001 0000000000000011 0000000000000001 0000000100100101 0000000010100010 0000000000000001 0000000000000011 0000000000000010 0000000000001000 0000000000000001 0000000000000001 0000000000000001 0000000000000010 0000000000000001 0000000000000001 0000000000000001 0000000000000010 0000000000000001 0000000000001000 0000000000000001 0000000000000001 0000000000000011 0000000000000001 0000000000000010 0000000000000101 0000000000000101 0000000000000001 0000000000000001 0000000000000011 0000000000000001 0000000100100101 
0000000000000001 0000000000000011 0000000000000011 0000000000001000 0000000000000001 0000000000000001 0000000000000111 0000000000000001 0000000000000001 0000000000000101 0000000000000011 0000000000000010 0000000000000010 0000000000000001 0000000000000011 0000000000001010 0000000000000010 0000000000000001 0000000000000001 0000000100010111 0000000010110001 0000000000000001 0000000000000011 0000000000000011 0000000000001000 0000000000000001 0000000000000001 0000000000000111 0000000000000001 0000000000000001 0000000000000101 0000000000000011 0000000000000010 0000000000000010 0000000000000001 0000000000000011 0000000000001010 0000000000000010 0000000000000001 0000000000000001 0000000100010111 
0000000000000001 0000000000000100 0000000000000101 0000000000001001 0000000000000001 0000000000000001 0000000000000011 0000000000000001 0000000000000010 0000000000000101 0000000000000001 0000000000000001 0000000000000010 0000000000000010 0000000000000001 0000000000000001 0000000000000010 0000000100010110 0000000011000000 0000000000000001 0000000000000100 0000000000000101 0000000000001001 0000000000000001 0000000000000001 0000000000000011 0000000000000001 0000000000000010 0000000000000101 0000000000000001 0000000000000001 0000000000000010 0000000000000010 0000000000000001 0000000000000001 0000000000000010 0000000100010110 
0000000000000010 0000000000000001 0000000000000011 0000000000000001 0000000000000001 0000000000001000 0000000000000010 0000000000000100 0000000000000010 0000000000000010 0000000000000001 0000000000000101 0000000000000010 0000000000000010 0000000000000011 0000000000000010 0000000000000010 0000000000000101 0000000000000001 0000000000000001 0000000000000101 0000000000000001 0000000000000010 0000000100000110 0000000011000000 0000000000000010 0000000000000001 0000000000000011 0000000000000001 0000000000000001 0000000000001000 0000000000000010 0000000000000100 0000000000000010 0000000000000010 0000000000000001 0000000000000101 0000000000000010 0000000000000010 0000000000000011 0000000000000010 0000000000000010 0000000000000101 0000000000000001 0000000000000001 0000000000000101 0000000000000001 0000000000000010 0000000100000110 
0000000000000001 0000000000000001 0000000000000010 0000000000000001 0000000000000010 0000000000000001 0000000000000001 0000000000001010 0000000000000001 0000000000000001 0000000000000011 0000000000000001 0000000000000010 0000000000000110 0000000000000001 0000000000000001 0000000000000010 0000000000000001 0000000000000011 0000000000000111 0000000000000001 0000000000000010 0000000000000001 0000000000000001 0000000000000011 0000000000000001 0000000000000001 0000000011110110 0000000011010000 0000000000000001 0000000000000001 0000000000000010 0000000000000001 0000000000000010 0000000000000001 0000000000000001 0000000000001010 0000000000000001 0000000000000001 0000000000000011 0000000000000001 0000000000000010 0000000000000110 0000000000000001 0000000000000001 0000000000000010 0000000000000001 0000000000000011 0000000000000111 0000000000000001 0000000000000010 0000000000000001 0000000000000001 0000000000000011 0000000000000001 0000000000000001 0000000011110110 
0000000000000011 0000000000000001 0000000000000001 0000000000000001 0000000000000001 0000000000000001 0000000000000001 0000000000000111 0000000000000010 0000000000000011 0000000000000010 0000000000001010 0000000000000001 0000000000000001 0000000000000011 0000000000000001 0000000000000010 0000000000001000 0000000000000010 0000000000000011 0000000000000011 0000000000000101 0000000000000001 0000000000000001 0000000000000001 0000000000000001 0000000000000011 0000000011101001 0000000011010010 0000000000000011 0000000000000001 0000000000000001 0000000000000001 0000000000000001 0000000000000001 0000000000000001 0000000000000111 0000000000000010 0000000000000011 0000000000000010 0000000000001010 0000000000000001 0000000000000001 0000000000000011 0000000000000001 0000000000000010 0000000000001000 0000000000000010 0000000000000011 0000000000000011 0000000000000101 0000000000000001 0000000000000001 0000000000000001 0000000000000001 0000000000000011 0000000011101001 
0000000000000010 0000000000000001 0000000000000001 0000000000000010 0000000000000100 0000000000001001 0000000000000001 0000000000000001 0000000000000011 0000000000000001 0000000000000010 0000000000001000 0000000000000001 0000000000000001 0000000000000011 0000000000000001 0000000000000010 0000000000000110 0000000000000001 0000000000000010 0000000000000001 0000000000000001 0000000000000011 0000000000000001 0000000000000001 0000000011100101 0000000011100000 0000000000000010 0000000000000001 0000000000000001 0000000000000010 0000000000000100 0000000000001001 0000000000000001 0000000000000001 0000000000000011 0000000000000001 0000000000000010 0000000000001000 0000000000000001 0000000000000001 0000000000000011 0000000000000001 0000000000000010 0000000000000110 0000000000000001 0000000000000010 0000000000000001 0000000000000001 0000000000000011 0000000000000001 0000000000000001 0000000011100101 
0000000000000011 0000000000000010 0000000000000001 0000000000001010 0000000000000001 0000000000000001 0000000000000011 0000000000000010 0000000000000010 0000000000001010 0000000000000001 0000000000000001 0000000000000011 0000000000000001 0000000000000010 0000000000001001 0000000000000001 0000000000000001 0000000000000001 0000000000000010 0000000000000001 0000000000000110 0000000000000110 0000000000000001 0000000000000001 0000000000000010 0000000000000001 0000000011010101 0000000011100000 0000000000000011 0000000000000010 0000000000000001 0000000000001010 0000000000000001 0000000000000001 0000000000000011 0000000000000010 0000000000000010 0000000000001010 0000000000000001 0000000000000001 0000000000000011 0000000000000001 0000000000000010 0000000000001001 0000000000000001 0000000000000001 0000000000000001 0000000000000010 0000000000000001 0000000000000110 0000000000000110 0000000000000001 0000000000000001 0000000000000010 0000000000000001 0000000011010101 
0000000000000011 0000000000000001 0000000000000111 0000000000001000 0000000000000001 0000000000000001 0000000000000011 0000000000000001 0000000000000010 0000000000001000 0000000000000001 0000000000000001 0000000000000011 0000000000000001 0000000000000010 0000000000000101 0000000000000101 0000000000000001 0000000000000001 0000000000000011 0000000000000001 0000000011010101 0000000011110000 0000000000000011 0000000000000001 0000000000000111 0000000000001000 0000000000000001 0000000000000001 0000000000000011 0000000000000001 0000000000000010 0000000000001000 0000000000000001 0000000000000001 0000000000000011 0000000000000001 0000000000000010 0000000000000101 0000000000000101 0000000000000001 0000000000000001 0000000000000011 0000000000000001 0000000011010101 
0000000000000011 0000000000000001 0000000000000111 0000000000001000 0000000000000001 0000000000000001 0000000000000011 0000000000000001 0000000000000010 0000000000001000 0000000000000001 0000000000000001 0000000000000011 0000000000000001 0000000000000010 0000000000000110 0000000000000001 0000000000000010 0000000000000001 0000000000000011 0000000000000001 0000000000000001 0000000000000001 0000000000001000 0000000000000010 0000000000000001 0000000000000001 0000000000000001 0000000000000001 0000000011000111 0000000011110000 0000000000000011 0000000000000001 0000000000000111 0000000000001000 0000000000000001 0000000000000001 0000000000000011 0000000000000001 0000000000000010 0000000000001000 0000000000000001 0000000000000001 0000000000000011 0000000000000001 0000000000000010 0000000000000110 0000000000000001 0000000000000010 0000000000000001 0000000000000011 0000000000000001 0000000000000001 0000000000000001 0000000000001000 0000000000000010 0000000000000001 0000000000000001 0000000000000001 0000000000000001 0000000011000111 
0000000000000001 0000000000000011 0000000000000010 0000000000000111 0000000000000010 0000000000000011 0000000000000010 0000000000001010 0000000000000001 0000000000000001 0000000000000011 0000000000000001 0000000000000010 0000000000001000 0000000000000001 0000000000000001 0000000000000011 0000000000000001 0000000000000010 0000000000000101 0000000000000001 0000000000000010 0000000000000001 0000000000000011 0000000000000001 0000000000000001 0000000000000001 0000000011000110 0000000011110101 0000000000000001 0000000000000011 0000000000000010 0000000000000111 0000000000000010 0000000000000011 0000000000000010 0000000000001010 0000000000000001 0000000000000001 0000000000000011 0000000000000001 0000000000000010 0000000000001000 0000000000000001 0000000000000001 0000000000000011 0000000000000001 0000000000000010 0000000000000101 0000000000000001 0000000000000010 0000000000000001 0000000000000011 0000000000000001 0000000000000001 0000000000000001 0000000011000110 
0000000000000001 0000000000000101 0000000000000010 0000000000000001 0000000000000001 0000000000000110 0000000000000001 0000000000000001 0000000000000001 0000000000000001 0000000000000010 0000000000000001 0000000000000100 0000000000001000 0000000000000001 0000000000000001 0000000000000011 0000000000000001 0000000000000010 0000000000000101 0000000000000001 0000000000000010 0000000000000001 0000000000000011 0000000000000001 0000000000000001 0000000000000001 0000000011000110 0000000100000000 0000000000000001 0000000000000101 0000000000000010 0000000000000001 0000000000000001 0000000000000110 0000000000000001 0000000000000001 0000000000000001 0000000000000001 0000000000000010 0000000000000001 0000000000000100 0000000000001000 0000000000000001 0000000000000001 0000000000000011 0000000000000001 0000000000000010 0000000000000101 0000000000000001 0000000000000010 0000000000000001 0000000000000011 0000000000000001 0000000000000001 0000000000000001 0000000011000110 
0000001000000000 
0000001000000000 
0000001000000000 
